value_info 423
initializer 267
output 1 269
input 268 268 1 2 3 4 5 6 7 8 9 10 11 12 13 14 15 16 17 18 19 20 21 22 23 24 25 26 27 28 29 30 31 32 33 34 35 36 37 38 39 40 41 42 43 44 45 46 47 48 49 50 51 52 53 54 55 56 57 58 59 60 61 62 63 64 65 66 67 68 69 70 71 72 73 74 75 76 77 78 79 80 81 82 83 84 85 86 87 88 89 90 91 92 93 94 95 96 97 98 99 100 101 102 103 104 105 106 107 108 109 110 111 112 113 114 115 116 117 118 119 120 121 122 123 124 125 126 127 128 129 130 131 132 133 134 135 136 137 138 139 140 141 142 143 144 145 146 147 148 149 150 151 152 153 154 155 156 157 158 159 160 161 162 163 164 165 166 167 168 169 170 171 172 173 174 175 176 177 178 179 180 181 182 183 184 185 186 187 188 189 190 191 192 193 194 195 196 197 198 199 200 201 202 203 204 205 206 207 208 209 210 211 212 213 214 215 216 217 218 219 220 221 222 223 224 225 226 227 228 229 230 231 232 233 234 235 236 237 238 239 240 241 242 243 244 245 246 247 248 249 250 251 252 253 254 255 256 257 258 259 260 261 262 263 264 265 266 267
node 165
Conv 1 2 6 270 268 1 3 6 NOTSET 7 2 1 1 2 1 7 2 3 3 7 4 1 1 1 1 7 2 2 2
BatchNormalization 1 5 3 271 270 2 3 4 5 1 9.999999747378752e-06 1 0.8999999761581421 2 0
Relu 1 1 0 272 271
Conv 1 2 6 273 272 6 3 6 NOTSET 7 2 1 1 2 1 7 2 1 1 7 4 0 0 0 0 7 2 1 1
BatchNormalization 1 5 3 274 273 7 8 9 10 1 9.999999747378752e-06 1 0.8999999761581421 2 0
Relu 1 1 0 275 274
Conv 1 2 6 276 275 11 3 6 NOTSET 7 2 1 1 2 32 7 2 3 3 7 4 1 1 1 1 7 2 1 1
BatchNormalization 1 5 3 277 276 12 13 14 15 1 9.999999747378752e-06 1 0.8999999761581421 2 0
Relu 1 1 0 278 277
Conv 1 2 6 279 278 16 3 6 NOTSET 7 2 1 1 2 1 7 2 1 1 7 4 0 0 0 0 7 2 1 1
BatchNormalization 1 5 3 280 279 17 18 19 20 1 9.999999747378752e-06 1 0.8999999761581421 2 0
Conv 1 2 6 281 280 21 3 6 NOTSET 7 2 1 1 2 1 7 2 1 1 7 4 0 0 0 0 7 2 1 1
BatchNormalization 1 5 3 282 281 22 23 24 25 1 9.999999747378752e-06 1 0.8999999761581421 2 0
Relu 1 1 0 283 282
Conv 1 2 6 284 283 26 3 6 NOTSET 7 2 1 1 2 96 7 2 3 3 7 4 1 1 1 1 7 2 2 2
BatchNormalization 1 5 3 285 284 27 28 29 30 1 9.999999747378752e-06 1 0.8999999761581421 2 0
Relu 1 1 0 286 285
Conv 1 2 6 287 286 31 3 6 NOTSET 7 2 1 1 2 1 7 2 1 1 7 4 0 0 0 0 7 2 1 1
BatchNormalization 1 5 3 288 287 32 33 34 35 1 9.999999747378752e-06 1 0.8999999761581421 2 0
_ref 0 1 1 288 2 2
Conv 1 2 6 289 288 36 3 6 NOTSET 7 2 1 1 2 1 7 2 1 1 7 4 0 0 0 0 7 2 1 1
BatchNormalization 1 5 3 290 289 37 38 39 40 1 9.999999747378752e-06 1 0.8999999761581421 2 0
Relu 1 1 0 291 290
Conv 1 2 6 292 291 41 3 6 NOTSET 7 2 1 1 2 144 7 2 3 3 7 4 1 1 1 1 7 2 1 1
BatchNormalization 1 5 3 293 292 42 43 44 45 1 9.999999747378752e-06 1 0.8999999761581421 2 0
Relu 1 1 0 294 293
Conv 1 2 6 295 294 46 3 6 NOTSET 7 2 1 1 2 1 7 2 1 1 7 4 0 0 0 0 7 2 1 1
BatchNormalization 1 5 3 296 295 47 48 49 50 1 9.999999747378752e-06 1 0.8999999761581421 2 0
Add 1 2 0 297 296 288
Conv 1 2 6 298 297 51 3 6 NOTSET 7 2 1 1 2 1 7 2 1 1 7 4 0 0 0 0 7 2 1 1
BatchNormalization 1 5 3 299 298 52 53 54 55 1 9.999999747378752e-06 1 0.8999999761581421 2 0
Relu 1 1 0 300 299
Conv 1 2 6 301 300 56 3 6 NOTSET 7 2 1 1 2 144 7 2 3 3 7 4 1 1 1 1 7 2 2 2
BatchNormalization 1 5 3 302 301 57 58 59 60 1 9.999999747378752e-06 1 0.8999999761581421 2 0
Relu 1 1 0 303 302
Conv 1 2 6 304 303 61 3 6 NOTSET 7 2 1 1 2 1 7 2 1 1 7 4 0 0 0 0 7 2 1 1
BatchNormalization 1 5 3 305 304 62 63 64 65 1 9.999999747378752e-06 1 0.8999999761581421 2 0
_ref 0 1 1 305 2 2
Conv 1 2 6 306 305 66 3 6 NOTSET 7 2 1 1 2 1 7 2 1 1 7 4 0 0 0 0 7 2 1 1
BatchNormalization 1 5 3 307 306 67 68 69 70 1 9.999999747378752e-06 1 0.8999999761581421 2 0
Relu 1 1 0 308 307
Conv 1 2 6 309 308 71 3 6 NOTSET 7 2 1 1 2 192 7 2 3 3 7 4 1 1 1 1 7 2 1 1
BatchNormalization 1 5 3 310 309 72 73 74 75 1 9.999999747378752e-06 1 0.8999999761581421 2 0
Relu 1 1 0 311 310
Conv 1 2 6 312 311 76 3 6 NOTSET 7 2 1 1 2 1 7 2 1 1 7 4 0 0 0 0 7 2 1 1
BatchNormalization 1 5 3 313 312 77 78 79 80 1 9.999999747378752e-06 1 0.8999999761581421 2 0
Add 1 2 0 314 313 305
_ref 0 1 1 314 2 2
Conv 1 2 6 315 314 81 3 6 NOTSET 7 2 1 1 2 1 7 2 1 1 7 4 0 0 0 0 7 2 1 1
BatchNormalization 1 5 3 316 315 82 83 84 85 1 9.999999747378752e-06 1 0.8999999761581421 2 0
Relu 1 1 0 317 316
Conv 1 2 6 318 317 86 3 6 NOTSET 7 2 1 1 2 192 7 2 3 3 7 4 1 1 1 1 7 2 1 1
BatchNormalization 1 5 3 319 318 87 88 89 90 1 9.999999747378752e-06 1 0.8999999761581421 2 0
Relu 1 1 0 320 319
Conv 1 2 6 321 320 91 3 6 NOTSET 7 2 1 1 2 1 7 2 1 1 7 4 0 0 0 0 7 2 1 1
BatchNormalization 1 5 3 322 321 92 93 94 95 1 9.999999747378752e-06 1 0.8999999761581421 2 0
Add 1 2 0 323 322 314
Conv 1 2 6 324 323 96 3 6 NOTSET 7 2 1 1 2 1 7 2 1 1 7 4 0 0 0 0 7 2 1 1
BatchNormalization 1 5 3 325 324 97 98 99 100 1 9.999999747378752e-06 1 0.8999999761581421 2 0
Relu 1 1 0 326 325
Conv 1 2 6 327 326 101 3 6 NOTSET 7 2 1 1 2 192 7 2 3 3 7 4 1 1 1 1 7 2 1 1
BatchNormalization 1 5 3 328 327 102 103 104 105 1 9.999999747378752e-06 1 0.8999999761581421 2 0
Relu 1 1 0 329 328
Conv 1 2 6 330 329 106 3 6 NOTSET 7 2 1 1 2 1 7 2 1 1 7 4 0 0 0 0 7 2 1 1
BatchNormalization 1 5 3 331 330 107 108 109 110 1 9.999999747378752e-06 1 0.8999999761581421 2 0
_ref 0 1 1 331 2 2
Conv 1 2 6 332 331 111 3 6 NOTSET 7 2 1 1 2 1 7 2 1 1 7 4 0 0 0 0 7 2 1 1
BatchNormalization 1 5 3 333 332 112 113 114 115 1 9.999999747378752e-06 1 0.8999999761581421 2 0
Relu 1 1 0 334 333
Conv 1 2 6 335 334 116 3 6 NOTSET 7 2 1 1 2 384 7 2 3 3 7 4 1 1 1 1 7 2 1 1
BatchNormalization 1 5 3 336 335 117 118 119 120 1 9.999999747378752e-06 1 0.8999999761581421 2 0
Relu 1 1 0 337 336
Conv 1 2 6 338 337 121 3 6 NOTSET 7 2 1 1 2 1 7 2 1 1 7 4 0 0 0 0 7 2 1 1
BatchNormalization 1 5 3 339 338 122 123 124 125 1 9.999999747378752e-06 1 0.8999999761581421 2 0
Add 1 2 0 340 339 331
_ref 0 1 1 340 2 2
Conv 1 2 6 341 340 126 3 6 NOTSET 7 2 1 1 2 1 7 2 1 1 7 4 0 0 0 0 7 2 1 1
BatchNormalization 1 5 3 342 341 127 128 129 130 1 9.999999747378752e-06 1 0.8999999761581421 2 0
Relu 1 1 0 343 342
Conv 1 2 6 344 343 131 3 6 NOTSET 7 2 1 1 2 384 7 2 3 3 7 4 1 1 1 1 7 2 1 1
BatchNormalization 1 5 3 345 344 132 133 134 135 1 9.999999747378752e-06 1 0.8999999761581421 2 0
Relu 1 1 0 346 345
Conv 1 2 6 347 346 136 3 6 NOTSET 7 2 1 1 2 1 7 2 1 1 7 4 0 0 0 0 7 2 1 1
BatchNormalization 1 5 3 348 347 137 138 139 140 1 9.999999747378752e-06 1 0.8999999761581421 2 0
Add 1 2 0 349 348 340
_ref 0 1 1 349 2 2
Conv 1 2 6 350 349 141 3 6 NOTSET 7 2 1 1 2 1 7 2 1 1 7 4 0 0 0 0 7 2 1 1
BatchNormalization 1 5 3 351 350 142 143 144 145 1 9.999999747378752e-06 1 0.8999999761581421 2 0
Relu 1 1 0 352 351
Conv 1 2 6 353 352 146 3 6 NOTSET 7 2 1 1 2 384 7 2 3 3 7 4 1 1 1 1 7 2 1 1
BatchNormalization 1 5 3 354 353 147 148 149 150 1 9.999999747378752e-06 1 0.8999999761581421 2 0
Relu 1 1 0 355 354
Conv 1 2 6 356 355 151 3 6 NOTSET 7 2 1 1 2 1 7 2 1 1 7 4 0 0 0 0 7 2 1 1
BatchNormalization 1 5 3 357 356 152 153 154 155 1 9.999999747378752e-06 1 0.8999999761581421 2 0
Add 1 2 0 358 357 349
Conv 1 2 6 359 358 156 3 6 NOTSET 7 2 1 1 2 1 7 2 1 1 7 4 0 0 0 0 7 2 1 1
BatchNormalization 1 5 3 360 359 157 158 159 160 1 9.999999747378752e-06 1 0.8999999761581421 2 0
Relu 1 1 0 361 360
Conv 1 2 6 362 361 161 3 6 NOTSET 7 2 1 1 2 384 7 2 3 3 7 4 1 1 1 1 7 2 2 2
BatchNormalization 1 5 3 363 362 162 163 164 165 1 9.999999747378752e-06 1 0.8999999761581421 2 0
Relu 1 1 0 364 363
Conv 1 2 6 365 364 166 3 6 NOTSET 7 2 1 1 2 1 7 2 1 1 7 4 0 0 0 0 7 2 1 1
BatchNormalization 1 5 3 366 365 167 168 169 170 1 9.999999747378752e-06 1 0.8999999761581421 2 0
_ref 0 1 1 366 2 2
Conv 1 2 6 367 366 171 3 6 NOTSET 7 2 1 1 2 1 7 2 1 1 7 4 0 0 0 0 7 2 1 1
BatchNormalization 1 5 3 368 367 172 173 174 175 1 9.999999747378752e-06 1 0.8999999761581421 2 0
Relu 1 1 0 369 368
Conv 1 2 6 370 369 176 3 6 NOTSET 7 2 1 1 2 576 7 2 3 3 7 4 1 1 1 1 7 2 1 1
BatchNormalization 1 5 3 371 370 177 178 179 180 1 9.999999747378752e-06 1 0.8999999761581421 2 0
Relu 1 1 0 372 371
Conv 1 2 6 373 372 181 3 6 NOTSET 7 2 1 1 2 1 7 2 1 1 7 4 0 0 0 0 7 2 1 1
BatchNormalization 1 5 3 374 373 182 183 184 185 1 9.999999747378752e-06 1 0.8999999761581421 2 0
Add 1 2 0 375 374 366
_ref 0 1 1 375 2 2
Conv 1 2 6 376 375 186 3 6 NOTSET 7 2 1 1 2 1 7 2 1 1 7 4 0 0 0 0 7 2 1 1
BatchNormalization 1 5 3 377 376 187 188 189 190 1 9.999999747378752e-06 1 0.8999999761581421 2 0
Relu 1 1 0 378 377
Conv 1 2 6 379 378 191 3 6 NOTSET 7 2 1 1 2 576 7 2 3 3 7 4 1 1 1 1 7 2 1 1
BatchNormalization 1 5 3 380 379 192 193 194 195 1 9.999999747378752e-06 1 0.8999999761581421 2 0
Relu 1 1 0 381 380
Conv 1 2 6 382 381 196 3 6 NOTSET 7 2 1 1 2 1 7 2 1 1 7 4 0 0 0 0 7 2 1 1
BatchNormalization 1 5 3 383 382 197 198 199 200 1 9.999999747378752e-06 1 0.8999999761581421 2 0
Add 1 2 0 384 383 375
Conv 1 2 6 385 384 201 3 6 NOTSET 7 2 1 1 2 1 7 2 1 1 7 4 0 0 0 0 7 2 1 1
BatchNormalization 1 5 3 386 385 202 203 204 205 1 9.999999747378752e-06 1 0.8999999761581421 2 0
Relu 1 1 0 387 386
Conv 1 2 6 388 387 206 3 6 NOTSET 7 2 1 1 2 576 7 2 3 3 7 4 1 1 1 1 7 2 2 2
BatchNormalization 1 5 3 389 388 207 208 209 210 1 9.999999747378752e-06 1 0.8999999761581421 2 0
Relu 1 1 0 390 389
Conv 1 2 6 391 390 211 3 6 NOTSET 7 2 1 1 2 1 7 2 1 1 7 4 0 0 0 0 7 2 1 1
BatchNormalization 1 5 3 392 391 212 213 214 215 1 9.999999747378752e-06 1 0.8999999761581421 2 0
_ref 0 1 1 392 2 2
Conv 1 2 6 393 392 216 3 6 NOTSET 7 2 1 1 2 1 7 2 1 1 7 4 0 0 0 0 7 2 1 1
BatchNormalization 1 5 3 394 393 217 218 219 220 1 9.999999747378752e-06 1 0.8999999761581421 2 0
Relu 1 1 0 395 394
Conv 1 2 6 396 395 221 3 6 NOTSET 7 2 1 1 2 960 7 2 3 3 7 4 1 1 1 1 7 2 1 1
BatchNormalization 1 5 3 397 396 222 223 224 225 1 9.999999747378752e-06 1 0.8999999761581421 2 0
Relu 1 1 0 398 397
Conv 1 2 6 399 398 226 3 6 NOTSET 7 2 1 1 2 1 7 2 1 1 7 4 0 0 0 0 7 2 1 1
BatchNormalization 1 5 3 400 399 227 228 229 230 1 9.999999747378752e-06 1 0.8999999761581421 2 0
Add 1 2 0 401 400 392
_ref 0 1 1 401 2 2
Conv 1 2 6 402 401 231 3 6 NOTSET 7 2 1 1 2 1 7 2 1 1 7 4 0 0 0 0 7 2 1 1
BatchNormalization 1 5 3 403 402 232 233 234 235 1 9.999999747378752e-06 1 0.8999999761581421 2 0
Relu 1 1 0 404 403
Conv 1 2 6 405 404 236 3 6 NOTSET 7 2 1 1 2 960 7 2 3 3 7 4 1 1 1 1 7 2 1 1
BatchNormalization 1 5 3 406 405 237 238 239 240 1 9.999999747378752e-06 1 0.8999999761581421 2 0
Relu 1 1 0 407 406
Conv 1 2 6 408 407 241 3 6 NOTSET 7 2 1 1 2 1 7 2 1 1 7 4 0 0 0 0 7 2 1 1
BatchNormalization 1 5 3 409 408 242 243 244 245 1 9.999999747378752e-06 1 0.8999999761581421 2 0
Add 1 2 0 410 409 401
Conv 1 2 6 411 410 246 3 6 NOTSET 7 2 1 1 2 1 7 2 1 1 7 4 0 0 0 0 7 2 1 1
BatchNormalization 1 5 3 412 411 247 248 249 250 1 9.999999747378752e-06 1 0.8999999761581421 2 0
Relu 1 1 0 413 412
Conv 1 2 6 414 413 251 3 6 NOTSET 7 2 1 1 2 960 7 2 3 3 7 4 1 1 1 1 7 2 1 1
BatchNormalization 1 5 3 415 414 252 253 254 255 1 9.999999747378752e-06 1 0.8999999761581421 2 0
Relu 1 1 0 416 415
Conv 1 2 6 417 416 256 3 6 NOTSET 7 2 1 1 2 1 7 2 1 1 7 4 0 0 0 0 7 2 1 1
BatchNormalization 1 5 3 418 417 257 258 259 260 1 9.999999747378752e-06 1 0.8999999761581421 2 0
Conv 1 2 6 419 418 261 3 6 NOTSET 7 2 1 1 2 1 7 2 1 1 7 4 0 0 0 0 7 2 1 1
BatchNormalization 1 5 3 420 419 262 263 264 265 1 9.999999747378752e-06 1 0.8999999761581421 2 0
Relu 1 1 0 421 420
GlobalAveragePool 1 1 0 422 421
Conv 1 2 6 423 422 266 3 6 NOTSET 7 2 1 1 2 1 7 2 1 1 7 4 0 0 0 0 7 2 1 1
Reshape 1 2 1 269 423 267 2 0
